3518207
11137917
35274324
42605808
45734748
58419603
68821053
72386826
74904194
78550943
86078787
92656073
98546646
103606526
107462409
108364439
110447941
113129190
114383050
119098281
119875894
130879856
131049234
132305102
134616805
138797762
138875794
139396334
139741505
146926971
148093965
152279910
154676077
155647193
156103994
156536056
157898915
159425604
159854512
164961578
166242235
182607615
182627275
183045003
185642878
188064741
190788419
190964243
199600317
205244710
222047257
225213127
229210386
229651179
237942066
241936030
252705628
256826968
273458640
278199012
293272074
294258124
298330156
300451106
302504381
313372149
319343512
334604185
335142055
335797814
338622963
341322768
346493102
348357853
350403462
354417837
360023110
372688659
383077381
385347093
390749285
391113449
393593192
419443275
419501997
432237094
438289121
456882215
483473659
483520964
866514353
867293931
869827249
890432458
898419782
904199641
904573451
923724832
929359889
1008554543
1017336267
1019572258
1055123452
1058002944
1090305938
1096433603
1117555806
1140522543
1177771465
1177800439
1182409369
1211323159
1212118625
1250326502
1270991719
