76561197963783935
76561197995540052
76561198002871536
76561198006000476
76561198035169922
76561198038816671
76561198046344515
76561198052921801
76561198063872254
76561198067728137
76561198068630167
76561198070713669
76561198073394918
76561198074648778
76561198079364009
76561198091145584
76561198091314962
76561198092570830
76561198094882533
76561198099063490
76561198099141522
76561198100007233
76561198107192699
76561198108359693
76561198112545638
76561198115912921
76561198116369722
76561198118164643
76561198120120240
76561198125227306
76561198142873343
76561198142893003
76561198143310731
76561198145908606
76561198148330469
76561198151054147
76561198151229971
76561198159866045
76561198165510438
76561198182312985
76561198185478855
76561198189476114
76561198198207794
76561198202201758
76561198212971356
76561198233724368
76561198238464740
76561198254523852
76561198258595884
76561198262770109
76561198273637877
76561198279609240
76561198294869913
76561198295407783
76561198296063542
76561198301588496
76561198306758830
76561198310669190
76561198314683565
76561198332954387
76561198343343109
76561198345612821
76561198353858920
76561198379709003
76561198379767725
76561198398554849
76561198417147943
76561198443739387
76561198443786692
76561198826780081
76561198830092977
76561198850698186
76561198858685510
76561198864465369
76561198864839179
76561198883990560
76561198979837986
76561199015389180
76561199050571666
76561199138037193
76561199138066167
76561199171588887
76561199210592230
